1761582127206 16.982901409418897 0
1761582148498 16.943022848379734 1
1761582169675 16.938280466831092 2
1761582191111 16.924298960753163 3
1761582214177 16.91739573141541 4
1761582241670 16.912732687863436 5
1761582270221 16.904969615165633 6
1761582298123 16.903162908072424 7
1761582326164 16.894035180409748 8
1761582353916 16.88876599494857 9
1761582380834 16.87909052588723 10
1761582409393 16.87376259794139 11
1761582438356 16.867608161887738 12
1761582466737 16.859800459158542 13
1761582499251 16.860350748505255 14
1761582529937 16.855041354593606 15
1761582558817 16.84875865416093 16
1761582587907 16.850734633628768 17
1761582616784 16.83770437914916 18
1761582645479 16.83189025069728 19
1761582677921 16.82691164209385 20
1761582708940 16.820378973026468 21
1761582739202 16.811099755643593 22
1761582771136 16.806583394907943 23
1761582800837 16.803564307665585 24
1761582834775 16.802042281988896 25
1761582853416 16.78517786661784 26
1761582871465 16.78680511436077 27
1761582889693 16.777167252819947 28
1761582907835 16.786105387138598 29
1761582127206 16.982901409418897 0
