1761582127210 0.39703861473485674 0
1761582148503 0.34219455237340446 1
1761582169680 0.3406954739581455 2
1761582191118 0.32231118420910354 3
1761582214186 0.3134919233770684 4
1761582241677 0.3089126380292153 5
1761582270228 0.30124722016655436 6
1761582298131 0.2992281322696745 7
1761582326171 0.28674241576832954 8
1761582353923 0.2807133842466606 9
1761582380842 0.26996282680016576 10
1761582409400 0.2640429353811825 11
1761582438362 0.25720465465477016 12
1761582466745 0.2485293693031476 13
1761582499259 0.24914089429446243 14
1761582529944 0.24324149872185757 15
1761582558824 0.2362607354580453 16
1761582587913 0.2384562697073426 17
1761582616791 0.22397823499120545 18
1761582645487 0.21751805658762655 19
1761582677930 0.21198633347045293 20
1761582708954 0.20472773016816137 21
1761582739210 0.19441756923127956 22
1761582771143 0.18939937472418703 23
1761582800843 0.18623742354902054 24
1761582834788 0.1843536308604396 25
1761582853421 0.16561541368601598 26
1761582871470 0.1674234603715101 27
1761582889698 0.15671476565602452 28
1761582907840 0.16756942433850708 29
1761582127210 0.39703861473485674 0
