1761582127216 166.2556610107422 0
1761582148508 166.35047061033924 1
1761582169685 166.31653957174282 2
1761582191124 166.34218208235924 3
1761582214195 166.35252295600043 4
1761582241685 166.34710620148013 5
1761582270238 166.33846429381708 6
1761582298139 166.3385692943226 7
1761582326178 166.35966272065133 8
1761582353929 166.3612322181162 9
1761582380849 166.3612322181162 10
1761582409406 166.3612322181162 11
1761582438368 166.3612322181162 12
1761582466751 166.3612322181162 13
1761582499266 166.3612322181162 14
1761582529951 166.3612322181162 15
1761582558833 166.3612322181162 16
1761582587921 166.3612322181162 17
1761582616800 166.3612322181162 18
1761582645494 166.3612322181162 19
1761582677936 166.3612322181162 20
1761582708963 166.3612322181162 21
1761582739222 166.3612322181162 22
1761582771151 166.3612322181162 23
1761582800852 166.35949861160432 24
1761582834803 166.3612322181162 25
1761582853426 166.3612322181162 26
1761582871475 166.3612322181162 27
1761582889702 166.3612322181162 28
1761582907845 166.35292172672771 29
1761582127216 166.2556610107422 0
