1761582127202 82.8369988424708 0
1761582148494 85.7518678312112 1
1761582169671 85.27833315795012 2
1761582191106 87.21456382195096 3
1761582214169 86.85678206882038 4
1761582241658 86.27801746816795 5
1761582270214 85.72029885299379 6
1761582298116 87.63548353151636 7
1761582326157 88.54046090708198 8
1761582353909 89.48753025360412 9
1761582380827 89.04556455856046 10
1761582409386 89.94001894138692 11
1761582438348 90.27675470903925 12
1761582466730 88.40366200147322 13
1761582499242 90.1399558034305 14
1761582529929 90.802904345996 15
1761582558810 90.69767441860465 16
1761582587899 90.86604230243081 17
1761582616776 91.31853099021362 18
1761582645468 91.50794485951805 19
1761582677912 91.93938756182258 20
1761582708929 93.31789961064926 21
1761582739193 93.85457224034515 22
1761582771129 91.87624960538777 23
1761582800829 93.9282331895191 24
1761582834741 93.07587077764916 25
1761582853412 94.79111859412816 26
1761582871461 93.82300326212776 27
1761582889689 95.5803430495633 28
1761582907830 95.10680837630223 29
1761582127202 82.8369988424708 0
1761582918298 95.10680837630223 0
