1761583230068 -16.26961966957709 0
1761583248334 -16.3308542978884 1
1761583266453 -16.34554519075336 2
1761583284559 -16.355831302777684 3
1761583302556 -16.360804143578115 4
1761583320663 -16.362183144598298 5
1761583338758 -16.369420622334335 6
1761583356802 -16.385855460407758 7
1761583375006 -16.392516242133247 8
1761583393112 -16.403966193247324 9
1761583411108 -16.406441741519505 10
1761583429232 -16.41390739065228 11
1761583447190 -16.417989800674746 12
1761583465223 -16.42496854608709 13
1761583483303 -16.431461112667815 14
1761583501397 -16.423248464410957 15
1761583519583 -16.44022309178054 16
1761583537619 -16.45105225389654 17
1761583555789 -16.45382726312888 18
1761583573853 -16.461259256709706 19
1761583591888 -16.46481444378092 20
1761583609834 -16.47103243163138 21
1761583627827 -16.482973204718697 22
1761583645907 -16.484145947177 23
1761583664069 -16.492304187832456 24
1761583682139 -16.50145798500138 25
1761583700173 -16.505510055657588 26
1761583718153 -16.51003183740558 27
1761583736294 -16.517337669025768 28
1761583754303 -16.518302004746715 29
1761583230068 -16.26961966957709 0
