1761583230073 0.39431051674741086 0
1761583248338 0.3391501845208683 1
1761583266457 0.3224062742947629 2
1761583284564 0.31058322832063595 3
1761583302561 0.3045149523896551 4
1761583320667 0.3017989643990542 5
1761583338762 0.2928664207439681 6
1761583356806 0.278053646549733 7
1761583375010 0.27047074264423415 8
1761583393116 0.25795314071530645 9
1761583411112 0.2550157756177765 10
1761583429236 0.24690734310019197 11
1761583447195 0.24237134359363052 12
1761583465228 0.2346171357885304 13
1761583483308 0.2274032218965015 14
1761583501402 0.23633932096488547 15
1761583519588 0.21766766806537605 16
1761583537624 0.20563522554143812 17
1761583555793 0.20255197238440464 18
1761583573858 0.1942941531999921 19
1761583591893 0.19034391727693606 20
1761583609839 0.18343501388932568 21
1761583627832 0.17016752884074143 22
1761583645912 0.16886449377569887 23
1761583664074 0.15979424095947783 24
1761583682143 0.14962888692477436 25
1761583700178 0.14512655623445306 26
1761583718159 0.140102141151073 27
1761583736299 0.13184405619636028 28
1761583754308 0.1309133459639858 29
1761583230073 0.39431051674741086 0
