1761583230065 84.20498789855834 0
1761583248330 85.7518678312112 1
1761583266449 87.69862148795117 2
1761583284555 86.24644848995054 3
1761583302552 86.59370725034199 4
1761583320659 88.63516784173419 5
1761583338754 88.43523097969063 6
1761583356798 87.13037988003788 7
1761583375002 89.9610649268652 8
1761583393108 89.9926339050826 9
1761583411104 90.03472587603915 10
1761583429228 90.33989266547407 11
1761583447185 90.36093865095233 12
1761583465219 91.31853099021362 13
1761583483299 91.90781858360518 14
1761583501393 91.60265179417026 15
1761583519579 92.50762916973588 16
1761583537615 92.6654740608229 17
1761583555784 90.65558244764811 18
1761583573848 92.64442807534463 19
1761583591884 92.79174997369252 20
1761583609829 94.40176786278018 21
1761583627823 94.73850363043249 22
1761583645903 88.97190360938652 23
1761583664064 95.48563611491107 24
1761583682135 95.50668210038936 25
1761583700168 95.39092918025887 26
1761583718149 95.16994633273703 27
1761583736290 94.41229085551932 28
1761583754298 96.12753867199832 29
1761583230065 84.20498789855834 0
1761583765127 96.12753867199832 0
