1761583230076 -166.24498509879064 0
1761583248344 -166.3608871228767 1
1761583266461 -166.35710082391296 2
1761583284568 -166.35355504353842 3
1761583302565 -166.348668917261 4
1761583320671 -166.3380153540409 5
1761583338766 -166.32999720717922 6
1761583356810 -166.36102988503197 7
1761583375014 -166.35939114503185 8
1761583393120 -166.3612322181162 9
1761583411116 -166.35955186323687 10
1761583429240 -166.3612322181162 11
1761583447199 -166.3612322181162 12
1761583465232 -166.3612322181162 13
1761583483312 -166.3612322181162 14
1761583501407 -166.3595304392805 15
1761583519592 -166.3612322181162 16
1761583537628 -166.3612322181162 17
1761583555797 -166.3612322181162 18
1761583573862 -166.3612322181162 19
1761583591897 -166.3612322181162 20
1761583609843 -166.3612322181162 21
1761583627837 -166.3612322181162 22
1761583645916 -166.3612322181162 23
1761583664079 -166.36118281971324 24
1761583682147 -166.36123217958394 25
1761583700183 -166.3612322181162 26
1761583718163 -166.36122994471077 27
1761583736304 -166.35996550743025 28
1761583754313 -166.36123217958394 29
1761583230076 -166.24498509879064 0
