1761498579862 0.3857446880050571 0
1761498590577 0.33158484959949824 1
1761498601288 0.3175945078010249 2
1761498612041 0.30215026712203774 3
1761498622716 0.29017463575363694 4
1761498633398 0.27815251624537424 5
1761498644095 0.27120404752313826 6
1761498654759 0.26189719287118973 7
1761498665873 0.25569857429763126 8
1761498676660 0.24683061089249736 9
1761498687521 0.24163216592184364 10
1761498698327 0.23630952610396216 11
1761498709104 0.222575815047885 12
1761498719843 0.21630290096350047 13
1761498730620 0.20370306947473185 14
1761498741406 0.1960044314483423 15
1761498752129 0.18544222034029495 16
1761498762903 0.18104614919226933 17
1761498773685 0.16982423094406124 18
1761498784437 0.15232247087452977 19
1761498795183 0.14877085769006088 20
1761498805924 0.14050986307710744 21
1761498816679 0.13646273294697628 22
1761498827459 0.12147746335364243 23
1761498838287 0.11748753733423459 24
1761498849069 0.11024775183780511 25
1761498859886 0.11009599347786786 26
1761498870773 0.09160480889775728 27
1761498882583 0.09287759136604855 28
1761498893604 0.08742068344288643 29
1761498579862 0.3857446880050571 0
