1761498579866 147.4737965536759 0
1761498590581 145.69898677192995 1
1761498601291 143.4600355892438 2
1761498612045 143.19251136608722 3
1761498622720 143.81524642807486 4
1761498633401 144.57432029279357 5
1761498644098 144.70746400431133 6
1761498654763 145.63266461633245 7
1761498665877 146.2227441933123 8
1761498676664 146.72790469182448 9
1761498687525 146.4049276685501 10
1761498698330 146.68958860662485 11
1761498709108 148.03765787030548 12
1761498719847 148.38891037055728 13
1761498730623 148.82295576018603 14
1761498741410 149.4233655715737 15
1761498752133 149.9496814060639 16
1761498762907 150.0613975695965 17
1761498773689 151.26309542805626 18
1761498784441 151.46975865385457 19
1761498795187 151.53098268038488 20
1761498805928 151.92534322695883 21
1761498816683 152.7604732085771 22
1761498827463 153.20536345751296 23
1761498838291 153.520476336971 24
1761498849073 154.0199916480368 25
1761498859890 154.22260051778613 26
1761498870777 154.71625848949756 27
1761498882586 154.64473736339622 28
1761498893608 154.78184372427216 29
1761498579866 147.4737965536759 0
