1761498579859 1.8566251822116664 0
1761498590573 1.7852588386813621 1
1761498601284 1.749018888302448 2
1761498612038 1.7310538433592415 3
1761498622712 1.7254253235633064 4
1761498633394 1.7211141629069375 5
1761498644091 1.715566612679862 6
1761498654756 1.7156048376998558 7
1761498665869 1.7153689965538914 8
1761498676656 1.7116413279499174 9
1761498687517 1.7032650949709085 10
1761498698323 1.7008422863055772 11
1761498709100 1.7007266062524822 12
1761498719839 1.6980289449338957 13
1761498730616 1.6898955676053138 14
1761498741403 1.6882780128797608 15
1761498752126 1.6830845807967165 16
1761498762899 1.6798496311822815 17
1761498773681 1.6807569111676495 18
1761498784433 1.665496798908764 19
1761498795180 1.6625929476167054 20
1761498805920 1.6583581624276968 21
1761498816675 1.6627028055255189 22
1761498827454 1.6523162937752334 23
1761498838283 1.6515173929421891 24
1761498849065 1.6493451573923563 25
1761498859882 1.6512210109843266 26
1761498870769 1.637851317233569 27
1761498882579 1.63839615286733 28
1761498893600 1.6343648778483473 29
1761498579859 1.8566251822116664 0
