1761534084207 0.3861547576432878 0
1761534102223 0.34233689458683286 1
1761534120150 0.3273794719140337 2
1761534138172 0.3066217717855717 3
1761534156160 0.3072261887818876 4
1761534174156 0.2946828290481459 5
1761534192134 0.28893909157451353 6
1761534210010 0.28540587839153075 7
1761534227953 0.2761969013384195 8
1761534245906 0.2719713733014133 9
1761534263903 0.2661264796054574 10
1761534281886 0.259500934770613 11
1761534299833 0.2552486245398118 12
1761534317792 0.25039711369747164 13
1761534335681 0.2553827786310153 14
1761534353575 0.2415354319782269 15
1761534371559 0.23794056262557556 16
1761534389516 0.22604627471718222 17
1761534407442 0.2232615915080062 18
1761534425451 0.21211499476222076 19
1761534443480 0.20929965009028562 20
1761534461527 0.19940239426237766 21
1761534479423 0.1954240297541173 22
1761534497439 0.19689397343123952 23
1761534515393 0.18134277757501813 24
1761534533345 0.17604352173988114 25
1761534551318 0.1711045774969865 26
1761534569256 0.16219669668888204 27
1761534587827 0.1569735561168254 28
1761534606047 0.15318453884589475 29
1761534084207 0.3861547576432878 0
