1761534084211 164.83226117220792 0
1761534102227 165.68554621995096 1
1761534120154 165.78128313777424 2
1761534138176 165.95594506311897 3
1761534156164 165.82449583573774 4
1761534174160 165.93867700750178 5
1761534192138 166.09305468472567 6
1761534210014 166.00533121282405 7
1761534227957 166.05152546275747 8
1761534245910 166.1013349667944 9
1761534263907 166.17833644211893 10
1761534281890 166.15725130023378 11
1761534299837 166.16389245697945 12
1761534317796 166.06916851467557 13
1761534335685 166.00573164044005 14
1761534353579 166.1535151703189 15
1761534371563 166.30323648934413 16
1761534389520 166.35530491067905 17
1761534407446 166.3605701947453 18
1761534425455 166.36119977392332 19
1761534443484 166.36052615233143 20
1761534461531 166.36123210251932 21
1761534479427 166.36123217958394 22
1761534497443 166.28194319599805 23
1761534515398 166.34360812408755 24
1761534533350 166.35595402573094 25
1761534551322 166.35783783113115 26
1761534569260 166.36084839791963 27
1761534587831 166.3612322181162 28
1761534606051 166.36114521219272 29
1761534084211 164.83226117220792 0
