1761534084202 2.030615793635147 0
1761534102219 1.9957689567647798 1
1761534120146 1.981918476145677 2
1761534138168 1.9631149723674313 3
1761534156156 1.9623988499545089 4
1761534174152 1.951122732776584 5
1761534192130 1.9469802180926006 6
1761534210005 1.942605101098918 7
1761534227949 1.9339501547693 8
1761534245901 1.9302649765905708 9
1761534263898 1.9252485530545014 10
1761534281881 1.9184784082451252 11
1761534299828 1.9143350371206649 12
1761534317788 1.9085847931076783 13
1761534335676 1.9128862312345793 14
1761534353570 1.9006551979768156 15
1761534371551 1.8985935037184243 16
1761534389511 1.8873388445136523 17
1761534407438 1.8846346633602875 18
1761534425446 1.8736058274904888 19
1761534443475 1.8708118979979043 20
1761534461522 1.8610206700936713 21
1761534479418 1.857082095110055 22
1761534497434 1.8577444499189204 23
1761534515388 1.8429654117184455 24
1761534533340 1.8378426077389958 25
1761534551313 1.8329718934767174 26
1761534569251 1.8241831949262908 27
1761534587822 1.8190161269722562 28
1761534606041 1.8152641280732973 29
1761534084202 2.030615793635147 0
