1761534084198 83.9208670946017 0
1761534102214 83.74197621803641 1
1761534120142 87.11985688729875 2
1761534138164 87.96169630642954 3
1761534156152 87.39345469851625 4
1761534174147 88.40366200147322 5
1761534192126 88.26686309586447 6
1761534210001 88.4878459433863 7
1761534227945 88.79301273282121 8
1761534245897 89.66642113016943 9
1761534263894 88.8771966747343 10
1761534281877 88.83510470377776 11
1761534299824 90.50826054930022 12
1761534317784 88.08797221929917 13
1761534335672 90.36093865095233 14
1761534353566 89.23497842786489 15
1761534371545 90.5924444912133 16
1761534389507 91.52899084499631 17
1761534407433 92.44449121330106 18
1761534425441 92.0656634746922 19
1761534443471 92.57076712617068 20
1761534461518 92.84436493738819 21
1761534479414 92.17089340208355 22
1761534497430 92.71808902451858 23
1761534515384 93.64411238556245 24
1761534533336 93.41260654530149 25
1761534551308 94.03346311691045 26
1761534569247 94.66484268125855 27
1761534587817 94.78059560138904 28
1761534606037 96.19067662843312 29
1761534084198 83.9208670946017 0
1761534616462 96.19067662843312 0
