1762012507627 0.3898559172797685 0
1762012535070 0.3392511774418932 1
1762012557747 0.31804763516317114 2
1762012580464 0.3063465129170153 3
1762012602990 0.30073414387350733 4
1762012625318 0.29354314434558454 5
1762012647751 0.2854578396719363 6
1762012670461 0.27957993836113904 7
1762012693019 0.27393413622948254 8
1762012715983 0.2622006485859553 9
1762012738836 0.2619196584758659 10
1762012761476 0.2550514524501532 11
1762012784586 0.2521617675971503 12
1762012806938 0.2463313058075128 13
1762012829497 0.23779579937796702 14
1762012852175 0.2399700741575222 15
1762012875812 0.23267061089287805 16
1762012898710 0.24653647790164357 17
1762012922810 0.2940282417329574 18
1762012945711 0.418892536952038 19
1762012968452 0.6149946138864816 20
1762012992146 0.5299639874184975 21
1762013015691 0.5054968606417227 22
1762013038370 0.44765815872586134 23
1762013061080 0.45179439334180016 24
1762013084027 0.47138684137602044 25
1762013107936 0.390151936899532 26
1762013131871 0.39603998320120753 27
1762013154765 0.3790599156660263 28
1762013177621 0.38794415592770987 29
