1762012507618 84.67852257181943 0
1762012535062 86.10964958434178 1
1762012557739 86.65684520677681 2
1762012580455 86.61475323582027 3
1762012602982 87.86698937177734 4
1762012625309 87.17247185099443 5
1762012647743 88.46679995790802 6
1762012670453 87.6460065242555 7
1762012693011 89.85583499947386 8
1762012715975 90.3819846364306 9
1762012738828 89.64537514469114 10
1762012761468 89.3612543407345 11
1762012784578 90.21361675260444 12
1762012806929 90.05577186151741 13
1762012829488 91.07650215721351 14
1762012852166 91.35009996843102 15
1762012875804 91.11859412817005 16
1762012898701 90.77133536777859 17
1762012922801 84.24707986951489 18
1762012945702 78.61727875407766 19
1762012968443 81.22698095338315 20
1762012992138 80.40618751973061 21
1762013015682 82.73176891507944 22
1762013038361 82.9001367989056 23
1762013061071 84.85741344838472 24
1762013084018 84.83636746290645 25
1762013107927 79.46964116594759 26
1762013131861 84.45753972429759 27
1762013154755 85.06787330316742 28
1762013177611 85.21519520151531 29
