1762012507622 -10.323659032282203 0
1762012535066 -10.369749343756473 1
1762012557743 -10.389247590845281 2
1762012580459 -10.400389158364499 3
1762012602987 -10.406144154192221 4
1762012625313 -10.413421676616476 5
1762012647747 -10.421979733187744 6
1762012670457 -10.427981497061372 7
1762012693015 -10.434717833393751 8
1762012715979 -10.447604176974055 9
1762012738832 -10.449901065441093 10
1762012761472 -10.458324752672754 11
1762012784582 -10.461882044570615 12
1762012806934 -10.470011935089573 13
1762012829493 -10.481289579410745 14
1762012852170 -10.486131786095976 15
1762012875808 -10.499736658250443 16
1762012898706 -10.510473913616604 17
1762012922805 -10.630820958301275 18
1762012945707 -12.078211341241394 19
1762012968448 -15.083139547193893 20
1762012992142 -16.131515156139027 21
1762013015686 -16.163348236469307 22
1762013038366 -16.216889581294975 23
1762013061076 -16.214363572573422 24
1762013084023 -16.196799095230872 25
1762013107932 -16.27341761011066 26
1762013131866 -16.26979640276745 27
1762013154760 -16.28584400571958 28
1762013177616 -16.278331710834696 29
