1762012507631 -106.74529191219446 0
1762012535074 -106.75075203481347 1
1762012557751 -106.75490269516453 2
1762012580468 -106.76100811813816 3
1762012602994 -106.7680466584485 4
1762012625321 -106.77610318347661 5
1762012647755 -106.78891603874438 6
1762012670465 -106.79603206750119 7
1762012693024 -106.81258373067837 8
1762012715987 -106.83584544634579 9
1762012738840 -106.85628573099773 10
1762012761480 -106.87870859858965 11
1762012784590 -106.88827429877387 12
1762012806942 -106.91709896049115 13
1762012829501 -106.95305629691693 14
1762012852179 -107.02104641692807 15
1762012875817 -107.09139999235519 16
1762012898714 -107.32356568538782 17
1762012922814 -108.95446222478694 18
1762012945715 -124.55214384830359 19
1762012968456 -156.36634398951674 20
1762012992151 -166.08482330014007 21
1762013015696 -166.18295056892163 22
1762013038375 -166.1978154423261 23
1762013061085 -166.20978195498688 24
1762013084032 -166.21046813810713 25
1762013107941 -166.24553980971828 26
1762013131876 -166.26231981527926 27
1762013154770 -166.26997568149758 28
1762013177625 -166.2748108680802 29
