1761524621935 80.60985875970442 0
1761524668293 81.85389580020578 1
1761524714744 79.66513890188008 2
1761524764215 81.17107847722383 3
1761524810503 80.72210270320831 4
1761524857175 81.9380787578337 5
1761524903732 79.64643157796277 6
1761524950034 80.15152932373024 7
1761524996102 80.62856608362173 8
1761525042083 80.93723692825742 9
1761525088210 79.98316340847441 10
1761525134287 78.60817510055186 11
1761525180410 79.06650453652605 12
1761525226426 78.80460200168366 13
1761525272472 76.43812552614348 14
1761525318436 78.26208960808157 15
1761525364380 77.96277242540455 16
1761525410357 77.81311383406603 17
1761525456424 78.2340286222056 18
1761525502358 76.70938172294453 19
1761525548281 77.37349172200916 20
1761525594252 76.9338696099523 21
1761525640328 77.43896735571977 22
1761525686198 77.35478439809185 23
