1761524621943 0.3943262854685085 0
1761524668302 0.331033606176274 1
1761524714753 0.3062713010556469 2
1761524764223 0.2892842162964922 3
1761524810511 0.27743612969237746 4
1761524857184 0.26281612924761094 5
1761524903756 0.2489723251060103 6
1761524950042 0.23521533272125655 7
1761524996111 0.22313183804767 8
1761525042092 0.20975565851073374 9
1761525088218 0.19550971458242697 10
1761525134296 0.19023420395461296 11
1761525180418 0.17637749336603464 12
1761525226435 0.16177591215348755 13
1761525272481 0.14751816398906287 14
1761525318445 0.13289673928867538 15
1761525364389 0.1193679814165778 16
1761525410366 0.10900369672706783 17
1761525456433 0.09680981274148581 18
1761525502367 0.09970141203681271 19
1761525548290 0.07608667814503235 20
1761525594260 0.06552439766366863 21
1761525640337 0.07084199151252349 22
1761525686207 0.05243266942455772 23
