1761524621938 0.15040828170950968 0
1761524668297 0.08774852920135465 1
1761524714749 0.0632338486988135 2
1761524764219 0.046416634110489276 3
1761524810507 0.03468702836996979 4
1761524857179 0.020213228170618866 5
1761524903736 0.006507861474999274 6
1761524950038 -0.007111560779087471 7
1761524996106 -0.01907422049253276 8
1761525042087 -0.03231663774285051 9
1761525088214 -0.04642012359743768 10
1761525134291 -0.05164287841380245 11
1761525180414 -0.0653610225352976 12
1761525226430 -0.07981658783374411 13
1761525272476 -0.09393175871986331 14
1761525318440 -0.10840696837715429 15
1761525364385 -0.12180043943226337 16
1761525410361 -0.13206108138341494 17
1761525456429 -0.14413302696563982 18
1761525502362 -0.14127034355293622 19
1761525548285 -0.1646489305703929 20
1761525594256 -0.17510558809671137 21
1761525640333 -0.169841169708907 22
1761525686202 -0.188066398612026 23
