1761524621947 -23.997474733025136 0
1761524668306 -23.99747476192436 1
1761524714757 -23.9974747282086 2
1761524764227 -23.997474704125914 3
1761524810515 -23.997474766740897 4
1761524857188 -23.9974747282086 5
1761524903760 -23.997474747474747 6
1761524950046 -23.997474737841674 7
1761524996115 -23.99747475710782 8
1761525042096 -23.997474704125914 9
1761525088222 -23.99747474265821 10
1761525134300 -23.997474786007043 11
1761525180422 -23.997474766740897 12
1761525226439 -23.997474723392063 13
1761525272485 -23.997474752291286 14
1761525318449 -23.997474737841674 15
1761525364393 -23.99747475710782 16
1761525410370 -23.99747479082358 17
1761525456437 -23.99747476192436 18
1761525502371 -23.99747474265821 19
1761525548294 -23.99747477155743 20
1761525594265 -23.99747482453934 21
1761525640341 -23.99747471375899 22
1761525686211 -23.997474723392063 23
