1761528385936 0.6841839306583308 0
1761528403405 0.6847116956205079 1
1761528420839 0.6846698662548354 2
1761528438175 0.6846326708492606 3
1761528455482 0.684643902110331 4
1761528472957 0.6846103644130206 5
1761528490256 0.6846196114113836 6
1761528507639 0.6846443772918046 7
1761528524890 0.6846368948016504 8
1761528542132 0.6846111522178457 9
1761528559277 0.6846151649951935 10
1761528718738 0.684634388546751 11
1761528737427 0.6845971454273571 12
1761528755806 0.6846081998312112 13
1761528774493 0.6846346551119679 14
1761528792039 0.6846237456557727 15
1761528809440 0.6846473782953589 16
1761528826797 0.6846446799810486 17
1761528844058 0.6846608609864206 18
1761528861206 0.6846308416188366 19
1761528878525 0.6846229188671016 20
1761528896011 0.6846180184923037 21
1761528913339 0.6846439856471438 22
1761528930891 0.6846758947528974 23
1761528948308 0.684658092531291 24
1761528965639 0.684664601328397 25
1761528983024 0.6846356671867948 26
1761529000660 0.6846274917173867 27
1761529018042 0.6846165988180373 28
1761529035574 0.6846393050268443 29
1761528385936 0.6841839306583308 0
