1761528385944 -0.05303030303030303 0
1761528403414 0.0 1
1761528420848 0.0 2
1761528438185 0.0 3
1761528455491 0.0 4
1761528472966 0.0 5
1761528490266 0.0 6
1761528507648 0.0 7
1761528524900 0.0 8
1761528542141 0.0 9
1761528559286 0.0 10
1761528718747 0.0 11
1761528737440 0.0 12
1761528755818 0.0 13
1761528774502 0.0 14
1761528792049 0.0 15
1761528809450 0.0 16
1761528826807 0.0 17
1761528844068 0.0 18
1761528861215 0.0 19
1761528878534 0.0 20
1761528896021 0.0 21
1761528913349 0.0 22
1761528930902 0.0 23
1761528948318 0.0 24
1761528965649 0.0 25
1761528983034 0.0 26
1761529000670 0.0 27
1761529018052 0.0 28
1761529035584 0.0 29
1761528385944 -0.05303030303030303 0
