1761528385940 0.6916305315915985 0
1761528403409 0.6916279675382556 1
1761528420844 0.6915857156719825 2
1761528438180 0.6915481447270422 3
1761528455487 0.691559489778798 4
1761528472962 0.6915256141713171 5
1761528490261 0.6915349540385333 6
1761528507644 0.6915599711314596 7
1761528524895 0.6915524115767142 8
1761528542137 0.691526409652498 9
1761528559282 0.6915304635209266 10
1761528718742 0.6915498801855126 11
1761528737434 0.6915122613762364 12
1761528755812 0.6915234273130243 13
1761528774498 0.6915501494600316 14
1761528792044 0.6915391301265871 15
1761528809445 0.6915630016363028 16
1761528826802 0.6915602748743211 17
1761528844063 0.6915766202440166 18
1761528861210 0.691546297133571 19
1761528878529 0.6915382941563925 20
1761528896016 0.6915333463688089 21
1761528913344 0.6915595770785303 22
1761528930897 0.6915918060324409 23
1761528948313 0.6915738248463833 24
1761528965644 0.6915803983657047 25
1761528983029 0.6915511725225834 26
1761529000665 0.6915429141184296 27
1761529018047 0.6915319107397638 28
1761529035579 0.6915548458845928 29
1761528385940 0.6916305315915985 0
