1761528385932 52.8990844996317 0
1761528403400 52.8990844996317 1
1761528420835 52.8990844996317 2
1761528438171 52.8990844996317 3
1761528455478 52.8990844996317 4
1761528472952 52.8990844996317 5
1761528490251 52.8990844996317 6
1761528507634 52.8990844996317 7
1761528524885 52.8990844996317 8
1761528542128 52.8990844996317 9
1761528559272 52.8990844996317 10
1761528718732 52.8990844996317 11
1761528737420 52.8990844996317 12
1761528755800 52.8990844996317 13
1761528774487 52.8990844996317 14
1761528792034 52.8990844996317 15
1761528809435 52.8990844996317 16
1761528826792 52.8990844996317 17
1761528844053 52.8990844996317 18
1761528861201 52.8990844996317 19
1761528878518 52.8990844996317 20
1761528896004 52.8990844996317 21
1761528913334 52.8990844996317 22
1761528930886 52.8990844996317 23
1761528948302 52.8990844996317 24
1761528965634 52.8990844996317 25
1761528983018 52.8990844996317 26
1761529000654 52.8990844996317 27
1761529018036 52.8990844996317 28
1761529035568 52.8990844996317 29
1761528385932 52.8990844996317 0
1761529046995 52.8990844996317 0
