1759696123948 0.3765299053436705 0
1759696131874 0.3329669358250539 1
1759696139447 0.31281138846291556 2
1759696146878 0.2979209463742683 3
1759696154368 0.2912341508964252 4
1759696161795 0.28503197264510954 5
1759696169447 0.2723670047060524 6
1759696177554 0.26542093278213735 7
1759696185287 0.2589558523582637 8
1759696192859 0.2554480725640406 9
1759696200493 0.2428923850302739 10
1759696208339 0.23376168481036685 11
1759696215773 0.22617829251917487 12
1759696223412 0.22058507381633524 13
1759696230849 0.2103671940260738 14
1759696238512 0.20463982659220828 15
1759696245870 0.1912065293773541 16
1759696253409 0.18524520762573776 17
1759696261231 0.17137464701778551 18
1759696268693 0.17184323197723503 19
