1759696123944 0.3765299053436705 0
1759696131871 0.3329669358250539 1
1759696139444 0.31281138846291556 2
1759696146875 0.2979209463742683 3
1759696154364 0.2912341508964252 4
1759696161792 0.28503197264510954 5
1759696169444 0.2723670047060524 6
1759696177551 0.26542093278213735 7
1759696185284 0.2589558523582637 8
1759696192856 0.2554480725640406 9
1759696200488 0.2428923850302739 10
1759696208335 0.23376168481036685 11
1759696215770 0.22617829251917487 12
1759696223408 0.22058507381633524 13
1759696230845 0.2103671940260738 14
1759696238508 0.20463982659220828 15
1759696245866 0.1912065293773541 16
1759696253406 0.18524520762573776 17
1759696261227 0.17137464701778551 18
1759696268689 0.17184323197723503 19
