1761495384492 1.7951417886088248 0
1761495395341 1.7763210521685169 1
1761495406202 1.7698092506070842 2
1761495417026 1.755414482590329 3
1761495427868 1.7384364910991736 4
1761495438704 1.7434305372259542 5
1761495449529 1.7345086563328456 6
1761495460320 1.7301270674429667 7
1761495471050 1.7273893829418405 8
1761495481805 1.7295538728279918 9
1761495492620 1.7229385579113468 10
1761495503411 1.7256315390625343 11
1761495514318 1.7212244546199593 12
1761495525332 1.7159243346329762 13
1761495536329 1.708091312459766 14
1761495547958 1.7038636897176904 15
1761495558975 1.7005442772478265 16
1761495570005 1.7002356672500816 17
1761495581111 1.6924287409525816 18
1761495592048 1.6844712020035817 19
