1761495384495 0.39718231729194187 0
1761495395344 0.3489436655902542 1
1761495406205 0.32321145694552517 2
1761495417030 0.3038238412262078 3
1761495427871 0.29093255456787587 4
1761495438708 0.28176634500613396 5
1761495449533 0.27058656536243153 6
1761495460324 0.2606719920637228 7
1761495471054 0.2513933171906546 8
1761495481809 0.2447228387014882 9
1761495492624 0.23771699140424685 10
1761495503415 0.22918472484155086 11
1761495514322 0.21828637327247136 12
1761495525336 0.21208166609196652 13
1761495536333 0.20195889473379058 14
1761495547962 0.19550812243580015 15
1761495558979 0.18050321121386884 16
1761495570009 0.17546289374492227 17
1761495581115 0.1653964573584263 18
1761495592052 0.15800846492424775 19
