1761495384499 140.1931318274528 0
1761495395348 143.08668494117634 1
1761495406209 144.98299385720838 2
1761495417034 145.46289086448772 3
1761495427875 145.04132923417026 4
1761495438712 146.44818854225056 5
1761495449536 146.6627988772542 6
1761495460327 147.2061826081554 7
1761495471057 147.85100269745283 8
1761495481813 148.72782945846762 9
1761495492628 148.75987707232147 10
1761495503418 149.8738689337076 11
1761495514326 150.5120973458739 12
1761495525340 150.59635152089757 13
1761495536336 150.8152038847919 14
1761495547965 151.03106798933226 15
1761495558983 152.18461247944512 16
1761495570013 152.65274321551814 17
1761495581119 152.86862808706513 18
1761495592056 152.80428543432944 19
