1759695940929 0.3868975776159977 0
1759695948401 0.3377059366002746 1
1759695955813 0.31802160638664334 2
1759695963369 0.3007757704821937 3
1759695970738 0.29314409718418605 4
1759695978390 0.28568489898012894 5
1759695985748 0.2795178800604135 6
1759695993124 0.2733138435741577 7
1759696000425 0.2684868998792139 8
1759696007827 0.25974888238437777 9
1759696016998 0.25468476945242 10
1759696024945 0.24598992230044886 11
1759696032330 0.23756474180506218 12
1759696039931 0.23171202634615748 13
1759696047357 0.22557635198560264 14
1759696054684 0.21527976148047656 15
1759696061998 0.20794885832766247 16
1759696069334 0.19827089991604266 17
1759696076664 0.19241382941737303 18
1759696084249 0.18293016045584004 19
