1761527269583 84.20498789855834 0
1761527286123 86.07808060612439 1
1761527303088 86.8357360833421 2
1761527320519 88.28790908134273 3
1761527337876 87.98274229190781 4
1761527354966 88.62464484899506 5
1761527372306 89.27707039882142 6
1761527389532 89.74008207934337 7
1761527407030 89.77165105756077 8
1761527426000 89.76112806482163 9
1761527443644 90.1715247816479 10
1761527460752 90.82395033147426 11
1761527477805 91.47637588130064 12
1761527494929 92.518152162475 13
1761527511899 92.01304851099653 14
1761527528771 92.99168683573609 15
1761527545844 93.3284226033884 16
1761527563009 92.60233610438809 17
1761527580037 92.90750289382301 18
1761527597171 93.686204356519 19
1761527614242 94.11764705882354 20
1761527631337 94.89634852151951 21
1761527648236 93.75986530569294 22
1761527665019 94.84373355782384 23
1761527682071 96.29590655582447 24
1761527699338 96.36956750499841 25
1761527716215 94.60170472482373 26
1761527732366 95.70661896243291 27
1761527748210 96.44322845417237 28
1761527764230 96.77996422182468 29
1761527269583 84.20498789855834 0
1761527774443 96.77996422182468 0
