1761527269596 nan 0
1761527286142 nan 1
1761527303103 nan 2
1761527320535 nan 3
1761527337892 nan 4
1761527354982 nan 5
1761527372321 nan 6
1761527389547 nan 7
1761527407046 nan 8
1761527426021 nan 9
1761527443661 nan 10
1761527460767 nan 11
1761527477822 nan 12
1761527494945 nan 13
1761527511915 nan 14
1761527528788 nan 15
1761527545860 nan 16
1761527563024 nan 17
1761527580053 nan 18
1761527597188 nan 19
1761527614258 nan 20
1761527631353 nan 21
1761527648253 nan 22
1761527665038 nan 23
1761527682088 nan 24
1761527699355 nan 25
1761527716231 nan 26
1761527732382 nan 27
1761527748225 nan 28
1761527764246 nan 29
1761527269596 nan 0
