1761527269586 0.39008244021673394 0
1761527286129 0.33669788461893496 1
1761527303093 0.32424743394508504 2
1761527320524 0.30720199183607944 3
1761527337881 0.2979730432382738 4
1761527354971 0.2878780878628745 5
1761527372310 0.2802703572399538 6
1761527389537 0.2709645583868177 7
1761527407035 0.26757903002447103 8
1761527426008 0.25584938893602654 9
1761527443650 0.24895406641404738 10
1761527460757 0.23761662077911275 11
1761527477811 0.23293966381349648 12
1761527494935 0.22496109548956156 13
1761527511904 0.2163067607284345 14
1761527528777 0.21115888828279997 15
1761527545850 0.19882901500195566 16
1761527563014 0.19415958225256716 17
1761527580042 0.18368278253315526 18
1761527597177 0.1794178673451898 19
1761527614248 0.17109891368697086 20
1761527631342 0.15770178827729942 21
1761527648242 0.14878086154960624 22
1761527665026 0.1447828164126611 23
1761527682077 0.13586105078675154 24
1761527699343 0.130909473169595 25
1761527716220 0.12026748249796454 26
1761527732371 0.12224612117867277 27
1761527748215 0.11429378617616051 28
1761527764235 0.09736064241639329 29
1761527269586 0.39008244021673394 0
