1761506316910 79.16004115611261 0
1761506363812 77.59797960901693 1
1761506410788 80.64727340753905 2
1761506458540 76.66261341315125 3
1761506505729 78.5801141146759 4
1761506552656 80.99335890000935 5
1761506599825 79.421943690955 6
1761506648165 80.42278552053129 7
1761506694805 77.09288186324946 8
1761506742525 74.69834440183332 9
1761506789623 73.10822186886166 10
1761506836522 73.07080722102704 11
1761506883521 69.96539145075297 12
1761506930405 70.57337947806566 13
1761506977201 69.36675708539893 14
1761507024279 70.8259283509494 15
1761507071255 68.96454962117669 16
1761507118370 67.69245159479937 17
1761507165563 67.41184173603966 18
1761507212691 67.89823215788981 19
1761507259754 66.82256103264427 20
1761507307036 64.81152371153307 21
1761507354498 66.3829389205874 22
1761509020179 65.11084089421009 23
1761509068010 65.45692638668038 24
1761509117063 65.26049948554859 25
1761509165394 65.85913385090262 26
1761509213753 64.83023103545038 27
1761509264561 65.49434103451502 28
1761509313318 64.49349920493873 29
1761506316910 79.16004115611261 0
1761509355004 64.37190159947619 0
