1761506316913 1.8118107111165018 0
1761506363815 1.7689431366896389 1
1761506410792 1.7404615162598966 2
1761506458544 1.7298033490325466 3
1761506505734 1.7228247014561084 4
1761506552663 1.7156220671504434 5
1761506599831 1.703506616329906 6
1761506648169 1.6964015292398857 7
1761506694811 1.6949663384996279 8
1761506742530 1.6914241076117815 9
1761506789627 1.6895887821611733 10
1761506836528 1.6917957497967615 11
1761506883525 1.6903104752001137 12
1761506930408 1.683279536890261 13
1761506977206 1.6902938427949192 14
1761507024285 1.6895738605296973 15
1761507071260 1.6882617208692763 16
1761507118374 1.6826418036162252 17
1761507165568 1.6867052997001495 18
1761507212695 1.682379726508651 19
1761507259759 1.67684625254737 20
1761507307041 1.6788193643695177 21
1761507354503 1.675555835769634 22
1761509020184 1.6689234273602265 23
1761509068014 1.6662891308466594 24
1761509117067 1.6639986113466398 25
1761509165398 1.6592478571516094 26
1761509213758 1.6601229589996915 27
1761509264566 1.646197525840817 28
1761509313322 1.6459127652524697 29
1761506316913 1.8118107111165018 0
