1761506316917 0.3869486858296876 0
1761506363821 0.33647913892160763 1
1761506410797 0.32042482096438457 2
1761506458550 0.3043117303062569 3
1761506505738 0.29823620515790855 4
1761506552667 0.2902859402914541 5
1761506599836 0.28269121559769517 6
1761506648173 0.2752786954545011 7
1761506694817 0.2672770909137196 8
1761506742534 0.2610336145517802 9
1761506789632 0.25415686076751565 10
1761506836533 0.25250535662464724 11
1761506883531 0.238828599471787 12
1761506930413 0.2347105468877337 13
1761506977211 0.22812140772514272 14
1761507024290 0.22532795927477905 15
1761507071264 0.21498021060563247 16
1761507118379 0.20545318415106245 17
1761507165573 0.2012250957907074 18
1761507212700 0.18899810507028092 19
1761507259764 0.18116518447994057 20
1761507307048 0.1805900863484677 21
1761507354507 0.17155936102599206 22
1761509020189 0.158633677166595 23
1761509068019 0.15016051871946665 24
1761509117072 0.1429809605458168 25
1761509165403 0.13709418744676644 26
1761509213763 0.13326230870484554 27
1761509264571 0.12180471410880787 28
1761509313327 0.12089716493754149 29
1761506316917 0.3869486858296876 0
