1761506316921 142.87315380212033 0
1761506363825 143.58288165776418 1
1761506410801 142.32409735400267 2
1761506458553 142.85347659178456 3
1761506505741 142.75708867082693 4
1761506552671 142.8239016292071 5
1761506599841 142.36423426926737 6
1761506648178 142.38756488067935 7
1761506694821 143.03620471376362 8
1761506742538 143.3000856649996 9
1761506789636 143.7973517986259 10
1761506836537 144.1815474924415 11
1761506883535 145.38701914777658 12
1761506930417 145.09161218970712 13
1761506977215 146.4453685644901 14
1761507024293 146.64992110897796 15
1761507071268 147.5431340535482 16
1761507118384 147.9243180246064 17
1761507165578 148.74924850463867 18
1761507212704 149.52716330325964 19
1761507259768 149.74927509192264 20
1761507307052 150.0035208885116 21
1761507354511 150.57121014835857 22
1761509020193 151.18761162806038 23
1761509068024 151.763024570966 24
1761509117076 152.24474962793215 25
1761509165408 152.35246488783093 26
1761509213768 152.8193306585755 27
1761509264575 152.56108921706075 28
1761509313332 152.6224607409853 29
1761506316921 142.87315380212033 0
