1761511405508 -145.84422799312708 0
1761511452636 -147.62023998992612 1
1761511499760 -145.90008926391602 2
1761511547469 -145.7153961104576 3
1761511593825 -145.40416517161358 4
1761511640459 -144.57468175406407 5
1761511687581 -145.0865382570209 6
1761511734099 -145.48246680365668 7
1761511780449 -146.38107030078618 8
1761511827090 -147.07814715606997 9
1761511873627 -148.3226835848105 10
1761511920366 -148.27355406019421 11
1761511967880 -148.79069661612462 12
1761512015940 -149.2576649598401 13
1761512063067 -149.7583904844342 14
1761512109554 -150.4190552451394 15
1761512158190 -150.85811815358173 16
1761512205624 -151.1796164464469 17
1761512253160 -151.65361254142994 18
1761512300471 -152.50597944163312 19
1761512347425 -152.942762124418 20
1761512394496 -153.67141962533046 21
1761512442500 -153.60501137165107 22
1761512490132 -154.13926423198046 23
1761512537433 -153.7873307815706 24
1761512584972 -154.04272322221235 25
1761512632687 -154.16915411900993 26
1761512680228 -154.16607061058585 27
1761512728035 -153.71204734571052 28
1761512775888 -153.74364217122397 29
1761511405508 -145.84422799312708 0
