1761511405496 82.50865213731176 0
1761511452624 78.53334580488261 1
1761511499748 81.62005425123937 2
1761511547457 81.0681881956786 3
1761511593813 82.84538396782341 4
1761511640447 82.95762791132728 5
1761511687568 82.05967636329623 6
1761511734087 82.65831072865026 7
1761511780437 82.73314002431952 8
1761511827078 81.30202974464503 9
1761511873615 81.25526143485175 10
1761511920353 80.1141146758956 11
1761511967867 79.37517538116172 12
1761512015922 80.80628566083622 13
1761512063055 80.39472453465532 14
1761512109540 79.1881021419886 15
1761512158161 80.46020016836592 16
1761512205610 79.36582171920307 17
1761512253148 77.35478439809185 18
1761512300458 79.97380974651576 19
1761512347412 80.0299317182677 20
1761512394483 77.13029651108408 21
1761512442487 77.65410158076887 22
1761512490119 78.93555326910486 23
1761512537420 77.16771115891872 24
1761512584957 78.41174819942007 25
1761512632674 78.3182115798335 26
1761512680214 78.13113834066037 27
1761512728021 77.10223552520812 28
1761512775874 75.47469834440183 29
1761511405496 82.50865213731176 0
1761512816839 75.34374707698063 0
