1761511405500 -1.06817412180732 0
1761511452628 -1.1327767122273493 1
1761511499753 -1.1308729446897603 2
1761511547462 -1.1468775079707907 3
1761511593817 -1.159218626642468 4
1761511640451 -1.1583139313892885 5
1761511687573 -1.1731585791014663 6
1761511734091 -1.1908729350326037 7
1761511780441 -1.1974479512433813 8
1761511827083 -1.2194652080234856 9
1761511873619 -1.2356850143634912 10
1761511920358 -1.2405868244893623 11
1761511967872 -1.2516131169266171 12
1761512015929 -1.2613885617918439 13
1761512063060 -1.2745035825052646 14
1761512109545 -1.29512399871542 15
1761512158181 -1.3020347561499086 16
1761512205615 -1.3135333867988201 17
1761512253152 -1.325297280092432 18
1761512300462 -1.3379308643064114 19
1761512347417 -1.3498807170174338 20
1761512394488 -1.36746136151781 21
1761512442491 -1.367761568589644 22
1761512490124 -1.383436821175344 23
1761512537424 -1.3881089323096805 24
1761512584963 -1.3980815606285828 25
1761512632678 -1.40736242406296 26
1761512680218 -1.4068524075878992 27
1761512728026 -1.4026080553579812 28
1761512775879 -1.414672546013437 29
1761511405500 -1.06817412180732 0
