1761511405504 0.3942102219608396 0
1761511452632 0.3468945935330909 1
1761511499756 0.3314423334192146 2
1761511547465 0.3134105218141669 3
1761511593821 0.29780100468508525 4
1761511640455 0.29033620994199405 5
1761511687577 0.2805118837271525 6
1761511734095 0.26661787929972913 7
1761511780445 0.26905324972338146 8
1761511827086 0.25385477375050985 9
1761511873623 0.2500422082634436 10
1761511920362 0.24459461950593525 11
1761511967876 0.23868062567304482 12
1761512015935 0.2335232851387124 13
1761512063064 0.22533362086937583 14
1761512109550 0.2111783042230239 15
1761512158186 0.2086327134283504 16
1761512205620 0.20026539982475264 17
1761512253156 0.19317051358144693 18
1761512300467 0.1890190870552841 19
1761512347421 0.18136047625989474 20
1761512394492 0.17096242348597657 21
1761512442496 0.16998839354838688 22
1761512490128 0.1595513061314558 23
1761512537429 0.1512771085624329 24
1761512584968 0.14378346824040167 25
1761512632683 0.1356859401225893 26
1761512680223 0.13616996063060607 27
1761512728030 0.13587109201982844 28
1761512775884 0.12400387475064796 29
1761511405504 0.3942102219608396 0
