1761498185981 0.3856833771940304 0
1761498196909 0.3349769061322704 1
1761498207788 0.3093669371587546 2
1761498218674 0.2992700041342744 3
1761498229580 0.29054618504883994 4
1761498240438 0.27974491407718893 5
1761498251288 0.27489813773019967 6
1761498262223 0.2612583191706193 7
1761498273147 0.2572304057082654 8
1761498284073 0.24706052765751366 9
1761498294974 0.23977674223115092 10
1761498306275 0.22966664580987442 11
1761498317293 0.22093067889941245 12
1761498328260 0.21589335672256657 13
1761498339249 0.21122750456574385 14
1761498350227 0.20286375682199617 15
1761498361283 0.19021106928570256 16
1761498372380 0.1866786200720232 17
1761498383379 0.18017033976607125 18
1761498394427 0.1707265114227953 19
1761498405430 0.16283978419086056 20
1761498416662 0.1518624744361325 21
1761498428150 0.1493370450966294 22
1761498439211 0.1423104461449545 23
1761498450414 0.12676538726223022 24
1761498461574 0.12376345794505937 25
1761498472722 0.11857922995074614 26
1761498483927 0.11142183696086864 27
1761498495692 0.10263928811320609 28
1761498506914 0.10374901937675816 29
1761498185981 0.3856833771940304 0
