1761498185985 142.96998320780529 0
1761498196913 142.63494707116098 1
1761498207791 141.2378600509712 2
1761498218678 140.36409508059378 3
1761498229584 140.8250077251896 4
1761498240442 141.7290321572479 5
1761498251292 142.53060186069644 6
1761498262227 145.27618172136658 7
1761498273151 144.97111845657963 8
1761498284077 146.07150268554688 9
1761498294978 147.44048497495095 10
1761498306279 148.04548610807 11
1761498317296 149.31220481427795 12
1761498328264 149.65425581996217 13
1761498339253 149.8470318028745 14
1761498350231 150.6378820444971 15
1761498361287 151.77494403171966 16
1761498372384 152.26225099435302 17
1761498383383 152.3030052013996 18
1761498394431 152.60005353919058 19
1761498405435 152.60842912614078 20
1761498416666 153.1037742033133 21
1761498428154 153.3987953630798 22
1761498439215 153.49244994432937 23
1761498450417 154.214828174745 24
1761498461578 154.21034784701908 25
1761498472727 154.26067908248558 26
1761498483931 154.20261227389622 27
1761498495696 154.4988048878486 28
1761498506918 154.71489144226896 29
1761498185985 142.96998320780529 0
