1761498185978 1.8115263471688925 0
1761498196906 1.757976573144374 1
1761498207784 1.7186518402377586 2
1761498218671 1.699918226276278 3
1761498229576 1.6958907700974846 4
1761498240434 1.6942377528802162 5
1761498251285 1.6974551449174837 6
1761498262220 1.7114075235187205 7
1761498273144 1.7043692517708235 8
1761498284069 1.705304915461305 9
1761498294970 1.7117837910694926 10
1761498306271 1.70782480993613 11
1761498317289 1.711843391304059 12
1761498328257 1.7102769531743944 13
1761498339246 1.7075855198729732 14
1761498350224 1.707213907632058 15
1761498361279 1.7060583668172091 16
1761498372374 1.7074343117095965 17
1761498383376 1.7013986599819542 18
1761498394423 1.6950197495152597 19
1761498405427 1.6872956436043898 20
1761498416658 1.6813815610291178 21
1761498428147 1.68183159627722 22
1761498439207 1.6758118102101467 23
1761498450410 1.6676459872401883 24
1761498461571 1.6646292697421103 25
1761498472718 1.6600001986251283 26
1761498483923 1.6523337087556387 27
1761498495687 1.6466009153111634 28
1761498506910 1.6498604120160432 29
1761498185978 1.8115263471688925 0
