1761494960957 1.7849312270970623 0
1761494971968 1.6623866266733862 1
1761494982780 1.6588177092941352 2
1761494993573 1.6727801590756985 3
1761495004384 1.6856734616339475 4
1761495015266 1.6875461188934309 5
1761495026154 1.6954685878593292 6
1761495037074 1.6919293555978168 7
1761495047997 1.6898664721191732 8
1761495058916 1.687142800589848 9
1761495069827 1.684481606622448 10
1761495080625 1.6851651561634422 11
1761495091593 1.6901631908566428 12
1761495102563 1.6837566203600622 13
1761495113458 1.6915132069266965 14
1761495124331 1.6785386848877364 15
1761495135222 1.680069193177159 16
1761495146138 1.6816370554034485 17
1761495157074 1.6755083064327325 18
1761495168010 1.6754217673042964 19
