1761494960964 140.3766880976245 0
1761494971975 133.90055257857114 1
1761494982791 135.2828090308493 2
1761494993580 137.61710008698194 3
1761495004391 140.0366935558918 4
1761495015273 141.21944006676097 5
1761495026161 142.83414731218141 6
1761495037081 143.5493660144207 7
1761495048004 144.59578246386062 8
1761495058923 144.56277703597408 9
1761495069834 145.55845766965584 10
1761495080632 146.5180468708945 11
1761495091601 147.6951220730495 12
1761495102570 148.33610385843457 13
1761495113466 149.77657019610896 14
1761495124338 149.68269526049696 15
1761495135230 150.21023857219336 16
1761495146146 151.2064937027046 17
1761495157082 151.34674759937508 18
1761495168018 152.29900493536294 19
