1761494960960 0.3850145152531932 0
1761494971972 0.3266476025729703 1
1761494982787 0.3090804454457065 2
1761494993576 0.2996052413460519 3
1761495004387 0.28818843785188925 4
1761495015269 0.27813307800635095 5
1761495026157 0.26982539830386904 6
1761495037078 0.259025986502657 7
1761495048000 0.24637240093752674 8
1761495058920 0.2439546082586451 9
1761495069830 0.23120916028394292 10
1761495080628 0.22220678742757827 11
1761495091597 0.21536565962093027 12
1761495102566 0.20241981040636253 13
1761495113462 0.19570457949532788 14
1761495124335 0.18354723332950953 15
1761495135226 0.17976448531241696 16
1761495146142 0.1712850014106976 17
1761495157078 0.1636776382462727 18
1761495168014 0.15397146452351937 19
