1761580881773 84.49963169525412 0
1761580901554 84.01557402925393 1
1761580921009 87.1935178364727 2
1761580942118 86.29906345364621 3
1761580964608 87.41450068399453 4
1761580985913 87.29874776386404 5
1761581007836 88.75092076186468 6
1761581029648 89.3296853625171 7
1761581051586 89.3612543407345 8
1761581073525 90.22413974534358 9
1761581097743 88.43523097969063 10
1761581123821 90.22413974534358 11
1761581149218 89.94001894138692 12
1761581182071 90.77133536777859 13
1761581206082 90.92918025886563 14
1761581228380 91.63422077238766 15
1761581250922 91.69735872882248 16
1761581276022 91.6447437651268 17
1761581298501 92.68652004630117 18
1761581321159 92.31821530043145 19
1761581347264 92.60233610438809 20
1761581375996 93.21266968325791 21
1761581407757 93.4441755235189 22
1761581441384 93.91771019677996 23
1761581475722 94.08607808060613 24
1761581500402 94.3491528990845 25
1761581529343 93.38103756708408 26
1761581554297 94.9489634852152 27
1761581578717 95.2225612964327 28
1761581603167 96.06440071556351 29
1761580881773 84.49963169525412 0
1761581618360 96.06440071556351 0
