1761580881777 2.0528440339998766 0
1761580901558 1.9974177139576035 1
1761580921013 1.9807665697251908 2
1761580942123 1.963991151915656 3
1761580964614 1.9583857851197022 4
1761580985918 1.9473304950227641 5
1761581007841 1.9415851277534408 6
1761581029653 1.9355977975358867 7
1761581051590 1.9328172881193835 8
1761581073529 1.9212409080278994 9
1761581097747 1.9178753188162139 10
1761581123827 1.914127554556336 11
1761581149226 1.9079922931362885 12
1761581182082 1.9029785945559994 13
1761581206087 1.8987423193575157 14
1761581228385 1.895382434129715 15
1761581250928 1.8897079172158482 16
1761581276027 1.882608504608424 17
1761581298506 1.8789391255739964 18
1761581321166 1.869306464387913 19
1761581347275 1.8645580323657605 20
1761581376003 1.8578401855146043 21
1761581407766 1.8549359783981785 22
1761581441406 1.8444504424779102 23
1761581475732 1.8364241333922955 24
1761581500407 1.8328546821469007 25
1761581529349 1.8243205592487797 26
1761581554303 1.8200051212551618 27
1761581578723 1.8243940764605397 28
1761581603174 1.807506123275468 29
1761580881777 2.0528440339998766 0
