1761580881785 166.22588668206726 0
1761580901569 166.2081544278848 1
1761580921022 166.2582269919039 2
1761580942134 166.3612322181162 3
1761580964628 166.36123217958394 4
1761580985930 166.33501677079633 5
1761581007850 166.3542507441357 6
1761581029666 166.3611786967576 7
1761581051600 166.3570424860174 8
1761581073541 166.36101871066623 9
1761581097757 166.35269461737738 10
1761581123836 166.3612322181162 11
1761581149240 166.35887161409013 12
1761581182099 166.3612322181162 13
1761581206104 166.35343717324614 14
1761581228396 166.3227592622391 15
1761581250938 166.34212482336795 16
1761581276039 166.35162434433445 17
1761581298519 166.3601187503699 18
1761581321176 166.3612322181162 19
1761581347304 166.3612322181162 20
1761581376018 166.3612322181162 21
1761581407781 166.36123102361506 22
1761581441435 166.3612322181162 23
1761581475746 166.35930710609514 24
1761581500418 166.3612322181162 25
1761581529362 166.36123217958394 26
1761581554314 166.32127819639263 27
1761581578738 166.30713561086944 28
1761581603186 166.29526970603249 29
1761580881785 166.22588668206726 0
