1761580881780 0.39453049668233203 0
1761580901564 0.33872342783242765 1
1761580921017 0.3213983021036844 2
1761580942129 0.303412979901439 3
1761580964621 0.2977509866233426 4
1761580985924 0.28684883101871517 5
1761581007846 0.2808511451902715 6
1761581029659 0.27473336221142247 7
1761581051596 0.2719665479968594 8
1761581073535 0.26023306794502216 9
1761581097753 0.25691756513910463 10
1761581123832 0.25304570531641896 11
1761581149233 0.24687231714000005 12
1761581182093 0.24178412966806478 13
1761581206097 0.23758380406658458 14
1761581228391 0.23449985634046372 15
1761581250934 0.22857241056897123 16
1761581276034 0.22130533151629597 17
1761581298514 0.21751308872016392 18
1761581321171 0.2077718837083214 19
1761581347296 0.20297548298564072 20
1761581376010 0.19618978073839285 21
1761581407774 0.19325625243116962 22
1761581441423 0.18266478331166913 23
1761581475739 0.17457684692503375 24
1761581500412 0.1709518952417479 25
1761581529355 0.16233157050428967 26
1761581554309 0.1583761168323984 27
1761581578731 0.1629522658621121 28
1761581603180 0.14601358196773387 29
1761580881780 0.39453049668233203 0
