1759688575300 143.46022179094666 0
1759688671119 141.55930718392 1
1759688776542 141.20776391136272 2
1759688884558 140.78630671479777 3
1759688993239 140.65994945235317 4
1759689101962 140.97127098459833 5
1759689214652 139.37386612828 6
1759689324592 nan 7
1759689434338 nan 8
1759689547083 nan 9
1759689662081 nan 10
1759689776680 nan 11
1759689891624 nan 12
1759690007433 nan 13
1759690125443 nan 14
1759690242769 nan 15
1759690355149 nan 16
1759690467553 nan 17
1759690581701 nan 18
1759690694776 nan 19
