1759688575292 1.8184798680613394 0
1759688671110 1.7388676465092219 1
1759688776534 1.710334998075203 2
1759688884551 1.696328974090884 3
1759688993231 1.6852014834570779 4
1759689101954 1.680748722077485 5
1759689214644 1.6568944443501699 6
1759689324584 nan 7
1759689434331 nan 8
1759689547075 nan 9
1759689662062 nan 10
1759689776658 nan 11
1759689891616 nan 12
1759690007424 nan 13
1759690125435 nan 14
1759690242761 nan 15
1759690355141 nan 16
1759690467545 nan 17
1759690581693 nan 18
1759690694768 nan 19
