1759688575296 0.38775523244131843 0
1759688671115 0.32653999946710777 1
1759688776538 0.3012700912296237 2
1759688884555 0.29137973214244894 3
1759688993235 0.28141618092364795 4
1759689101959 0.2737737780378405 5
1759689214648 0.26581394850305645 6
1759689324588 0.25471582365610673 7
1759689434334 0.24535501263033382 8
1759689547079 0.23992772000286344 9
1759689662073 0.23079668585578555 10
1759689776662 0.21893678918363935 11
1759689891620 0.2081002001546223 12
1759690007429 0.20220892229890075 13
1759690125439 0.19289877143742792 14
1759690242765 0.18332199011449055 15
1759690355145 0.17474560769099426 16
1759690467549 0.16672060621334364 17
1759690581697 0.15744012317123235 18
1759690694772 0.1503335561168969 19
