1761504550448 84.86577495089327 0
1761504563830 84.73482368347207 1
1761504577147 87.52221494715181 2
1761504590421 87.81217846787017 3
1761504603668 88.53241043868674 4
1761504616974 88.62594705827331 5
1761504630239 89.76709381722945 6
1761504643780 88.91591057899167 7
1761504657376 89.61743522589093 8
1761504670806 90.3844355065008 9
1761504684087 90.69310635113646 10
1761504697452 91.53493592741559 11
1761504711162 90.814703956599 12
1761504724789 91.95585071555514 13
1761504738505 91.6378262089608 14
1761504752070 92.06809465905903 15
1761504765667 92.76026564399963 16
1761504778951 92.38611916565335 17
1761504792272 93.45243662894023 18
1761504805607 94.79936395098682 19
1761504818890 93.93882705079038 20
1761504832174 94.7151809933589 21
1761504845533 94.85548592273875 22
1761504858847 96.07146197736414 23
1761504872112 94.5842297259377 24
1761504885305 95.65990085118324 25
1761504898723 95.94051070994294 26
1761504912120 96.71686465251146 27
1761504925434 96.61397437096623 28
1761504938724 96.58591338509027 29
1761504550448 84.86577495089327 0
1761504949272 96.59526704704892 0
