1761504550456 0.38398246459587654 0
1761504563838 0.33462537482681903 1
1761504577156 0.3104741499392372 2
1761504590430 0.3041829731635223 3
1761504603676 0.28697861749867 4
1761504616982 0.2793271964923902 5
1761504630248 0.2737583594415525 6
1761504643788 0.27032687465161687 7
1761504657384 0.25904131130400027 8
1761504670815 0.2484402206274822 9
1761504684096 0.24733133409924882 10
1761504697461 0.23549969434136092 11
1761504711171 0.22443537893375815 12
1761504724798 0.21788937825182772 13
1761504738517 0.21139453633716612 14
1761504752079 0.200920074284453 15
1761504765676 0.1882100119725848 16
1761504778961 0.18019494059204003 17
1761504792282 0.16747128098939706 18
1761504805617 0.1559874638632843 19
1761504818900 0.15001652473489743 20
1761504832183 0.14654969843104482 21
1761504845542 0.1279698322818737 22
1761504858857 0.12009070219937712 23
1761504872122 0.11156690951361499 24
1761504885315 0.1071670452671389 25
1761504898732 0.09802919459726775 26
1761504912130 0.09250889755221027 27
1761504925443 0.08913101034293026 28
1761504938734 0.0869243104231892 29
1761504550456 0.38398246459587654 0
