1761504550463 nan 0
1761504563842 nan 1
1761504577159 nan 2
1761504590437 nan 3
1761504603680 nan 4
1761504616986 nan 5
1761504630253 nan 6
1761504643792 nan 7
1761504657388 nan 8
1761504670820 nan 9
1761504684100 nan 10
1761504697465 nan 11
1761504711175 nan 12
1761504724802 nan 13
1761504738522 nan 14
1761504752083 nan 15
1761504765680 nan 16
1761504778965 nan 17
1761504792286 nan 18
1761504805621 nan 19
1761504818904 nan 20
1761504832187 nan 21
1761504845546 nan 22
1761504858861 nan 23
1761504872127 nan 24
1761504885319 nan 25
1761504898737 nan 26
1761504912134 nan 27
1761504925448 nan 28
1761504938738 nan 29
1761504550463 nan 0
