1761514464575 80.10476101393695 0
1761514508694 81.9380787578337 1
1761514552835 82.65831072865026 2
1761514596865 81.91937143391638 3
1761514640934 81.55457861752876 4
1761514685118 80.56309044991114 5
1761514729794 77.48573566551305 6
1761514776962 80.77822467496024 7
1761514821543 80.39472453465532 8
1761514865809 78.46787017117201 9
1761514909531 79.97380974651576 10
1761514953238 78.60817510055186 11
1761514996722 79.39388270507904 12
1761515040514 75.95173510429333 13
1761515083808 75.8488448227481 14
