1761514464582 0.3812122702448055 0
1761514508702 0.31746564555273515 1
1761514552843 0.28995583518737494 2
1761514596873 0.27446734529891703 3
1761514640942 0.2583596719654672 4
1761514685126 0.24196417288233837 5
1761514729802 0.2244817105103096 6
1761514776970 0.21342237260324334 7
1761514821552 0.19282694080505858 8
1761514865817 0.17843648812009227 9
1761514909540 0.16051788711826306 10
1761514953247 0.14163147942915635 11
1761514996730 0.13590147296164298 12
1761515040522 0.11219513725672821 13
1761515083817 0.10843856194329382 14
