1759698700413 0.39743546530136614 0
1759698707767 0.34537724327012026 1
1759698715120 0.32666782311460363 2
1759698722553 0.3134682109337217 3
1759698729930 0.29712495224491897 4
1759698737552 0.282692141179413 5
1759698744974 0.27860533305748697 6
1759698753280 0.26765271041525585 7
1759698760837 0.2618930719274977 8
1759698769125 0.24958285678495473 9
1759698776512 0.24284849700939762 10
1759698783860 0.23677254575116752 11
1759698791347 0.22754182086029662 12
1759698799730 0.22216860825956 13
1759698807540 0.21014572690019692 14
1759698815381 0.2041203351774892 15
1759698823166 0.19785432736368458 16
1759698830920 0.18979626418730336 17
1759698838559 0.1818090342611676 18
1759698847027 0.1782157647970546 19
