1759698700409 0.39743546530136614 0
1759698707764 0.34537724327012026 1
1759698715116 0.32666782311460363 2
1759698722549 0.3134682109337217 3
1759698729927 0.29712495224491897 4
1759698737548 0.282692141179413 5
1759698744970 0.27860533305748697 6
1759698753275 0.26765271041525585 7
1759698760830 0.2618930719274977 8
1759698769121 0.24958285678495473 9
1759698776509 0.24284849700939762 10
1759698783856 0.23677254575116752 11
1759698791343 0.22754182086029662 12
1759698799727 0.22216860825956 13
1759698807536 0.21014572690019692 14
1759698815377 0.2041203351774892 15
1759698823163 0.19785432736368458 16
1759698830916 0.18979626418730336 17
1759698838556 0.1818090342611676 18
1759698847024 0.1782157647970546 19
