1762110779689 -106.73600651519467 0
1762110799225 -106.73560040406507 1
1762110818652 -106.73556137084961 2
1762110838114 -106.73470676306522 3
1762110857584 -106.73440283958358 4
1762110877323 -106.73408847384982 5
1762110897037 -106.73388236460059 6
1762110916610 -106.73392970152575 7
1762110936241 -106.73368951046106 8
1762110955914 -106.73363695240984 9
1762110975691 -106.73407242514871 10
1762110995173 -106.73479240109222 11
1762111014771 -106.73449726297397 12
1762111034438 -106.73463524712457 13
1762111054030 -106.73460889103437 14
1762111073675 -106.73492273658213 15
1762111093214 -106.73556869198578 16
1762111112686 -106.73618513165098 17
1762111132355 -106.73622508964154 18
1762111152140 -106.73673146180433 19
1762111171902 -106.73755316300826 20
1762111191480 -106.73801901846221 21
1762111211198 -106.73865233527289 22
1762111230705 -106.73998769124348 23
1762111250291 -106.73863293426206 24
1762111270129 -106.74142394403015 25
1762111290111 -106.74108462863498 26
1762111309935 -106.74254949165113 27
1762111329729 -106.74310019522002 28
1762111349668 -106.74218630549883 29
1762110779689 -106.73600651519467 0
