1762110779676 83.2263495738188 0
1762110799213 86.37272440282017 1
1762110818639 87.77228243712511 2
1762110838102 88.47732295064716 3
1762110857572 88.2458171103862 4
1762110877311 89.51909923182153 5
1762110897024 89.55066821003894 6
1762110916598 90.39250762916974 7
1762110936229 89.89792697043039 8
1762110955902 89.51909923182153 9
1762110975679 90.0242028833 10
1762110995161 90.1715247816479 11
1762111014759 90.61349047669157 12
1762111034426 91.68683573608334 13
1762111054018 92.0340944964748 14
1762111073663 92.10775544564875 15
1762111093201 92.93907187204042 16
1762111112673 92.99168683573609 17
1762111132343 93.31789961064926 18
1762111152126 93.85457224034515 19
1762111171889 94.33862990634536 20
1762111191467 94.44385983373671 21
1762111211184 94.66484268125855 22
1762111230692 95.20151531095443 23
1762111250277 95.95917078817216 24
1762111270116 95.62243502051983 25
1762111290098 95.87498684625908 26
1762111309922 96.88519414921603 27
1762111329715 96.4853204251289 28
1762111349654 96.99042407660738 29
1762110779676 83.2263495738188 0
1762111363608 96.99042407660738 0
