1762110779680 0.27643806133607424 0
1762110799217 0.2249135071919723 1
1762110818643 0.19976657011894264 2
1762110838106 0.18583540565738774 3
1762110857577 0.17558863527621282 4
1762110877315 0.17140518537148683 5
1762110897029 0.16474356690440514 6
1762110916602 0.15648838836285803 7
1762110936233 0.1556361218293508 8
1762110955906 0.1426429481367872 9
1762110975683 0.13741280654012555 10
1762110995165 0.13097204347940708 11
1762111014763 0.12333085379478606 12
1762111034430 0.12294834028139259 13
1762111054022 0.11511694090534942 14
1762111073667 0.10792040167319955 15
1762111093205 0.09635626222712523 16
1762111112678 0.09407039358271192 17
1762111132347 0.0809983926909891 18
1762111152131 0.07812452788530576 19
1762111171894 0.06351715569958241 20
1762111191472 0.06488996061185996 21
1762111211189 0.055512699778332855 22
1762111230696 0.045421495036494855 23
1762111250282 0.03781389762092419 24
1762111270121 0.02700444692839878 25
1762111290102 0.02081164370544932 26
1762111309927 0.011450508421268126 27
1762111329720 0.00847522331157116 28
1762111349659 -0.00342906236347526 29
1762110779680 0.27643806133607424 0
