1762110779685 0.3835576252654345 0
1762110799221 0.3319810897563443 1
1762110818648 0.3068089418941074 2
1762110838110 0.2928629763650172 3
1762110857580 0.2826056440426695 4
1762110877319 0.2784176936203783 5
1762110897033 0.27174919997953406 6
1762110916606 0.26348580562067453 7
1762110936237 0.26263244632593913 8
1762110955910 0.2496262123629526 9
1762110975687 0.24439127271938504 10
1762110995169 0.2379447832477815 11
1762111014767 0.23029564880775383 12
1762111034434 0.2299128898579364 13
1762111054026 0.2220736254251214 14
1762111073671 0.21487019656489442 15
1762111093209 0.2032951288386201 16
1762111112682 0.20100758823029924 17
1762111132351 0.18792254267015843 18
1762111152136 0.18504630846225403 19
1762111171898 0.1704251370533849 20
1762111191476 0.1717997822214407 21
1762111211194 0.16241376889479167 22
1762111230701 0.15231379957850835 23
1762111250287 0.14469723087603772 24
1762111270125 0.13387975416080367 25
1762111290107 0.12768041236664762 26
1762111309931 0.11831137263968662 27
1762111329724 0.11533366031815401 28
1762111349663 0.1034165441594792 29
1762110779685 0.3835576252654345 0
