1762005025697 -16.273164214509904 0
1762005043740 -16.329121278994013 1
1762005061831 -16.346298147933652 2
1762005079847 -16.352557032999368 3
1762005098161 -16.361240755427968 4
1762005116095 -16.374533973558986 5
1762005134145 -16.37934191299207 6
1762005152063 -16.38547564756991 7
1762005170032 -16.383605475377554 8
1762005188108 -16.390891886720755 9
1762005206214 -16.397499118188414 10
1762005224344 -16.402700758943656 11
1762005241988 -16.407051746291344 12
1762005259695 -16.4105753946786 13
1762005277683 -16.412785840756964 14
1762005295917 -16.408279228692102 15
1762005313840 -16.418047064482565 16
1762005331950 -16.42685910427209 17
1762005350034 -16.432146927323004 18
1762005367817 -16.43857408051539 19
1762005385560 -16.43680979507138 20
1762005404405 -16.44979492341629 21
1762005422603 -16.45223370706192 22
1762005440372 -16.454908086796 23
1762005458443 -16.465679705745043 24
1762005477030 -16.468204787283234 25
1762005495017 -16.473750270978368 26
1762005513068 -16.478036979232172 27
1762005530984 -16.48565115832319 28
1762005549011 -16.477533504216357 29
1762005025697 -16.273164214509904 0
