1762005025694 84.81532147742818 0
1762005043737 86.57266126486373 1
1762005061827 87.21456382195096 2
1762005079843 86.8357360833421 3
1762005098157 88.41418499421235 4
1762005116091 87.89855834999474 5
1762005134141 88.67725981269074 6
1762005152059 89.42439229716932 7
1762005170028 89.23497842786489 8
1762005188103 89.00347258760391 9
1762005206210 89.67694412290855 10
1762005224340 89.94001894138692 11
1762005241984 88.85615068925603 12
1762005259690 89.25602441334316 13
1762005277678 87.78280542986425 14
1762005295913 90.36093865095233 15
1762005313835 90.41355361464801 16
1762005331945 91.39219193938756 17
1762005350029 91.55003683047458 18
1762005367813 91.29748500473535 19
1762005385555 91.8236346416921 20
1762005404401 91.50794485951805 21
1762005422598 91.24487004103968 22
1762005440367 91.87624960538777 23
1762005458438 93.31789961064926 24
1762005477026 92.69704303904031 25
1762005495012 93.77038829843207 26
1762005513062 94.35967589182363 27
1762005530979 95.11733136904135 28
1762005549006 93.09691676312744 29
1762005025694 84.81532147742818 0
1762005559666 93.09691676312744 0
