1762005025701 0.3913763669328858 0
1762005043745 0.3411141486292837 1
1762005061835 0.3220286885031847 2
1762005079852 0.3150744109292223 3
1762005098165 0.30542578860515296 4
1762005116100 0.2906555078942517 5
1762005134149 0.2852815045702337 6
1762005152068 0.27849810896911703 7
1762005170036 0.28057615082673354 8
1762005188112 0.2724800972888867 9
1762005206218 0.2651071347804232 10
1762005224349 0.2593591550948343 11
1762005241992 0.25452471702274954 12
1762005259699 0.25060951691873445 13
1762005277687 0.2476601323037587 14
1762005295922 0.25316084896901037 15
1762005313844 0.24228331347871007 16
1762005331954 0.2325165452379169 17
1762005350038 0.226638962561735 18
1762005367822 0.2194998839098697 19
1762005385564 0.22143929382090013 20
1762005404410 0.20703231488740204 21
1762005422608 0.20432254540348294 22
1762005440377 0.20135102489483403 23
1762005458448 0.1893825223481264 24
1762005477035 0.1865481900832042 25
1762005495021 0.18041524368178363 26
1762005513072 0.17565201273695988 27
1762005530989 0.167192051812743 28
1762005549016 0.17504517302726103 29
1762005025701 0.3913763669328858 0
