1762005025705 -166.2540230799203 0
1762005043748 -166.3612322181162 1
1762005061839 -166.3612322181162 2
1762005079855 -166.3612322181162 3
1762005098169 -166.36123194839016 4
1762005116103 -166.3612315630672 5
1762005134153 -166.36094472865867 6
1762005152072 -166.3612322181162 7
1762005170040 -166.3612322181162 8
1762005188116 -166.36123210251932 9
1762005206222 -166.36094777271 10
1762005224353 -166.3612322181162 11
1762005241996 -166.3612322181162 12
1762005259703 -166.3612322181162 13
1762005277691 -166.35679202609592 14
1762005295926 -166.3612322181162 15
1762005313848 -166.36101266109583 16
1762005331959 -166.3612322181162 17
1762005350042 -166.3612121427902 18
1762005367826 -166.3612322181162 19
1762005385568 -166.3610437181261 20
1762005404415 -166.3612322181162 21
1762005422612 -166.3612322181162 22
1762005440381 -166.3612322181162 23
1762005458452 -166.3612322181162 24
1762005477040 -166.36097401320333 25
1762005495026 -166.3612322181162 26
1762005513077 -166.36123048416292 27
1762005530993 -166.3612322181162 28
1762005549020 -166.35073447949958 29
1762005025705 -166.2540230799203 0
