1759684568742 29.50762939453125 0
1759684568809 30.647037506103516 1
1759684568872 30.40389633178711 2
1759684568935 30.348403930664062 3
1759684568997 30.921266555786133 4
1759684569059 29.405231475830078 5
1759684569121 29.61187171936035 6
1759684569182 29.63024139404297 7
1759684569244 28.25191879272461 8
1759684569306 28.91596794128418 9
1759684569369 30.653278350830078 10
1759684569431 29.044607162475586 11
1759684569494 29.710477828979492 12
1759684569556 30.64256477355957 13
1759684569619 31.371551513671875 14
1759684569682 30.910192489624023 15
1759684569745 29.82334327697754 16
1759684569809 30.559860229492188 17
1759684569872 31.83082389831543 18
1759684569935 30.973957061767578 19
