1759684568739 0.6662880182266235 0
1759684568806 0.8184329867362976 1
1759684568869 0.6773658990859985 2
1759684568932 0.6227893233299255 3
1759684568994 0.7228913307189941 4
1759684569056 0.5470244288444519 5
1759684569117 0.7180154323577881 6
1759684569179 0.4894212782382965 7
1759684569241 0.5058565735816956 8
1759684569303 0.5119773149490356 9
1759684569365 0.48622339963912964 10
1759684569427 0.5447060465812683 11
1759684569490 0.6597913503646851 12
1759684569553 0.20098820328712463 13
1759684569616 0.28378066420555115 14
1759684569678 0.6443158984184265 15
1759684569742 0.4605039656162262 16
1759684569805 0.4712464213371277 17
1759684569868 0.25567373633384705 18
1759684569931 0.37772446870803833 19
