1759684568736 0.9547014236450195 0
1759684568803 1.1167190074920654 1
1759684568866 0.9746311902999878 2
1759684568929 0.9200454354286194 3
1759684568991 1.0248750448226929 4
1759684569053 0.8356065154075623 5
1759684569114 1.0069539546966553 6
1759684569176 0.7808294892311096 7
1759684569238 0.7833172082901001 8
1759684569300 0.7960172891616821 9
1759684569362 0.7878939509391785 10
1759684569424 0.8297051191329956 11
1759684569487 0.9502981901168823 12
1759684569550 0.5054039359092712 13
1759684569613 0.594658374786377 14
1759684569675 0.9469746351242065 15
1759684569738 0.7541323900222778 16
1759684569802 0.7721325159072876 17
1759684569865 0.571425199508667 18
1759684569928 0.6836867928504944 19
