1761496364152 141.80988972069437 0
1761496375061 142.9880288641549 1
1761496386239 143.34931613939224 2
1761496397219 142.55467239516733 3
1761496408175 141.76681958185716 4
1761496419247 139.43750802283864 5
1761496430390 140.83225458940584 6
1761496441678 140.103257902 7
1761496452986 139.61240768432617 8
1761496464078 139.17085248151702 9
1761496475130 139.19626655065426 10
1761496486274 139.9466045020407 11
1761496497379 140.78926213012147 12
1761496508826 140.6874751274896 13
1761496520345 141.54048917967108 14
1761496531664 141.81169046307892 15
1761496543194 143.04336422975823 16
1761496554945 143.3836368680535 17
1761496566423 144.19043297190302 18
1761496577700 145.06679786374215 19
1761496589047 145.96960679298024 20
1761496600262 146.40069994049756 21
1761496611538 146.43529537868073 22
1761496622567 147.32211929800263 23
1761496633595 147.63771142660235 24
1761496644714 148.82446651715335 25
1761496655697 148.49740227669344 26
1761496666731 149.45335393315474 27
1761496677801 149.98156442342852 28
