1761496364144 1.7907841617216445 0
1761496375054 1.7560257502735463 1
1761496386232 1.7434507987958967 2
1761496397212 1.7207158039503567 3
1761496408168 1.7063281832789092 4
1761496419240 1.6773185174026832 5
1761496430383 1.6787574648055261 6
1761496441670 1.6661334907794747 7
1761496452978 1.6562495866431248 8
1761496464071 1.6450270801916251 9
1761496475122 1.6365924551080695 10
1761496486267 1.6413068410527012 11
1761496497372 1.6396599371871605 12
1761496508819 1.6323634097394388 13
1761496520338 1.6324076040443283 14
1761496531657 1.6274927151577354 15
1761496543186 1.6308113702744111 16
1761496554937 1.6248465134958516 17
1761496566416 1.6264733693524862 18
1761496577692 1.623697918894045 19
1761496589040 1.6275435557814457 20
1761496600254 1.6272971302671817 21
1761496611530 1.61420577858061 22
1761496622559 1.6122054382824578 23
1761496633587 1.6153127636610125 24
1761496644707 1.6110424221631123 25
1761496655689 1.6115531692857699 26
1761496666722 1.600566359245189 27
1761496677793 1.603535509697525 28
