1761496364148 0.37644978976837723 0
1761496375058 0.3294398928136302 1
1761496386235 0.3130885506875713 2
1761496397215 0.29815061323578584 3
1761496408171 0.2915757723369807 4
1761496419243 0.2858014801441955 5
1761496430387 0.27316661438833706 6
1761496441674 0.2677787274640104 7
1761496452982 0.2627530685154045 8
1761496464074 0.2558773598913521 9
1761496475126 0.24710082288647714 10
1761496486270 0.2442836616388752 11
1761496497375 0.23410842823273934 12
1761496508823 0.22776635215855767 13
1761496520342 0.21919468950246349 14
1761496531660 0.21149075432208622 15
1761496543190 0.20240177702359152 16
1761496554941 0.19293957237872575 17
1761496566420 0.18643340339357944 18
1761496577696 0.17477775072770804 19
1761496589043 0.16954294973859071 20
1761496600258 0.16493956088568731 21
1761496611534 0.15136652349623864 22
1761496622563 0.1403881569566297 23
1761496633591 0.14033907310694724 24
1761496644710 0.12403817247545071 25
1761496655693 0.1278577561055899 26
1761496666726 0.10710388671339494 27
1761496677797 0.10476757297835275 28
