1761533382377 nan 0
1761533399910 nan 1
1761533417480 nan 2
1761533435011 nan 3
1761533452607 nan 4
1761533470148 nan 5
1761533487784 nan 6
1761533505349 nan 7
1761533522910 nan 8
1761533540474 nan 9
1761533558154 nan 10
1761533575813 nan 11
1761533593486 nan 12
1761533611028 nan 13
1761533628656 nan 14
1761533646269 nan 15
1761533663897 nan 16
1761533681522 nan 17
1761533699173 nan 18
1761533716905 nan 19
1761533734540 nan 20
1761533752036 nan 21
1761533769463 nan 22
1761533786992 nan 23
1761533804495 nan 24
1761533821924 nan 25
1761533839792 nan 26
1761533857225 nan 27
1761533874733 nan 28
1761533892294 nan 29
1761533382377 nan 0
