1761533382371 0.3941481583046191 0
1761533399907 0.34970983680375295 1
1761533417476 0.32639963492149054 2
1761533435008 0.31039268551676563 3
1761533452603 0.29911386638390597 4
1761533470145 0.29221684781063084 5
1761533487781 0.2833509053846802 6
1761533505345 0.2793339699732535 7
1761533522906 0.2663986337832128 8
1761533540470 0.2617925363169475 9
1761533558150 0.25162984919969483 10
1761533575809 0.24300936836222506 11
1761533593482 0.23702355037734965 12
1761533611014 0.22392409976872832 13
1761533628652 0.21841786834740579 14
1761533646264 0.20506319668463835 15
1761533663893 0.2035207964592811 16
1761533681518 0.1879513414854165 17
1761533699169 0.18009357203287307 18
1761533716901 0.16887505143184703 19
1761533734535 0.16469474362369363 20
1761533752032 0.15438950161515463 21
1761533769458 0.14018334882719574 22
1761533786988 0.13544672591649373 23
1761533804491 0.1259588124206986 24
1761533821920 0.11721816561020196 25
1761533839788 0.10840573751678069 26
1761533857220 0.10830004315004882 27
1761533874729 0.09927448332121577 28
1761533892290 0.09800145032902653 29
1761533382371 0.3941481583046191 0
