1761533382364 84.2786488477323 0
1761533399898 86.0570346206461 1
1761533417468 86.00441965695043 2
1761533435000 86.42533936651584 3
1761533452595 87.48816163316847 4
1761533470136 87.05671893086394 5
1761533487772 88.15111017573398 6
1761533505337 86.7725981269073 7
1761533522897 90.33989266547407 8
1761533540461 89.74008207934337 9
1761533558142 88.74039776912554 10
1761533575800 90.69767441860465 11
1761533593473 91.36062296117015 12
1761533610996 91.57108281595286 13
1761533628643 92.85488793012733 14
1761533646256 91.99200252551826 15
1761533663884 92.79174997369252 16
1761533681508 93.77038829843207 17
1761533699160 93.49679048721457 18
1761533716892 94.1386930443018 19
1761533734526 95.07523939808482 20
1761533752023 95.63295801325897 21
1761533769449 95.401452172998 22
1761533786978 96.38009049773756 23
1761533804481 96.34852151952015 24
1761533821910 95.94864779543302 25
1761533839779 97.03251604756393 26
1761533857211 95.52772808586762 27
1761533874719 96.82205619278123 28
1761533892280 97.895401452173 29
1761533382364 84.2786488477323 0
1761533902533 97.895401452173 0
