1761497509078 148.3473931727388 0
1761497519873 148.23652351276758 1
1761497530653 145.28299895316496 2
1761497541408 143.49653160197852 3
1761497552148 143.38020008241114 4
1761497562989 141.99662839778335 5
1761497573817 142.0578436402462 6
1761497584851 142.0650774951473 7
1761497596246 142.82995109387042 8
1761497606931 142.57178627322074 9
1761497617668 141.48484836458624 10
1761497628480 142.86775751498783 11
1761497639237 143.7063848726418 12
1761497650121 144.76755376567755 13
1761497661106 144.57588987820887 14
1761497672002 145.52567559828137 15
1761497682804 145.8553169489976 16
1761497693487 146.69662366105837 17
1761497704207 147.24471982605255 18
1761497714952 148.30171956288976 19
1761497725694 148.22028573211534 20
1761497736425 148.993964327825 21
1761497747184 149.39606421090028 22
1761497757990 149.98123622261355 23
1761497768747 150.27656642417736 24
1761497779543 150.31742444915088 25
1761497790345 151.01935806616538 26
1761497801135 151.83569818334195 27
1761497811920 152.0533468648457 28
1761497822733 152.4356165317142 29
