1761497509071 1.8638034263801146 0
1761497519866 1.8105015311005939 1
1761497530646 1.7618112550722644 2
1761497541401 1.7253810800779026 3
1761497552141 1.7146926206858168 4
1761497562982 1.693467224259013 5
1761497573810 1.68448767961408 6
1761497584844 1.6767645146814698 7
1761497596238 1.6745770661820212 8
1761497606924 1.6651506854279694 9
1761497617660 1.6454392488494582 10
1761497628473 1.6543246964702691 11
1761497639230 1.6537959893722705 12
1761497650113 1.6526603057245504 13
1761497661098 1.6482397504986135 14
1761497671994 1.6476748722016543 15
1761497682796 1.6387784869948845 16
1761497693479 1.6419365863094415 17
1761497704200 1.64190574237584 18
1761497714944 1.6382114836453323 19
1761497725687 1.6337108436988608 20
1761497736417 1.632199823321783 21
1761497747176 1.6290060582449617 22
1761497757982 1.6219233543081668 23
1761497768739 1.6223503701355426 24
1761497779535 1.6261075586748766 25
1761497790337 1.613682846183734 26
1761497801127 1.6130922174774478 27
1761497811912 1.6139493119556274 28
1761497822725 1.608405379302833 29
