1761497509074 0.3841712356048047 0
1761497519869 0.33145083345038473 1
1761497530649 0.31210232026574325 2
1761497541405 0.2933492881032918 3
1761497552144 0.2837279292466662 4
1761497562985 0.27626360309698655 5
1761497573813 0.26657502573701836 6
1761497584848 0.25870077978535616 7
1761497596242 0.2487652362094599 8
1761497606928 0.24185136627957157 9
1761497617664 0.23291999173471745 10
1761497628476 0.2279264177007793 11
1761497639233 0.21892138583076107 12
1761497650117 0.20705535083240725 13
1761497661102 0.20452614280608203 14
1761497671998 0.1943617659399595 15
1761497682800 0.18204580848794347 16
1761497693483 0.17673776225675517 17
1761497704203 0.17117027605512083 18
1761497714948 0.15676193598724666 19
1761497725690 0.1530384010418147 20
1761497736421 0.1436971847423156 21
1761497747180 0.1364095412370135 22
1761497757986 0.12334446533324171 23
1761497768743 0.1207926670912102 24
1761497779539 0.12417509810656577 25
1761497790341 0.10453464504176826 26
1761497801131 0.0956921878546443 27
1761497811916 0.09435946861127467 28
1761497822729 0.08489822875342912 29
