1759692297376 1.854469286486707 0
1759692396907 1.7721872449990346 1
1759692505411 1.7047508564765144 2
1759692612579 1.674849938384086 3
1759692720067 1.637103055624684 4
1759692879426 1.6191121438693572 5
1759692977408 1.6140966464853073 6
1759693087274 1.6115978660872163 7
1759693196744 1.5968833502899906 8
1759693304912 1.6035592617475398 9
1759693413440 1.586503217573123 10
1759693521623 1.5883399737255455 11
1759693629536 1.5753804426556746 12
1759693737702 1.5680247793817734 13
1759693845918 1.5640988774898341 14
1759693954957 1.560926813448491 15
1759694063314 1.5503507407524126 16
1759694171998 1.5416026389385018 17
1759694281242 1.5394772876538503 18
1759694390402 1.5285704999226626 19
