1759692297380 0.37420528938350656 0
1759692396911 0.331940041896741 1
1759692505415 0.30903916415077687 2
1759692612583 0.3026095365712862 3
1759692720071 0.2935791008608758 4
1759692879430 0.287644770063226 5
1759692977411 0.27936104206460205 6
1759693087278 0.27298257960165295 7
1759693196748 0.2681203584015503 8
1759693304916 0.26148596172108246 9
1759693413445 0.25277963317429536 10
1759693521627 0.246744919902407 11
1759693629540 0.24331777188676354 12
1759693737705 0.2341569555514062 13
1759693845922 0.22746355655381764 14
1759693954961 0.22442828329288372 15
1759694063318 0.21845111308928428 16
1759694172003 0.20715591643890993 17
1759694281246 0.19798169358144826 18
1759694390406 0.1897241485935757 19
