1759692297384 148.40060811406295 0
1759692396914 144.35666353713236 1
1759692505418 139.88021123569644 2
1759692612587 137.52665274239442 3
1759692720076 134.64597702026367 4
1759692879433 133.43438464964453 5
1759692977414 133.7529239141353 6
1759693087282 134.1345135812802 7
1759693196751 133.1444220607056 8
1759693304920 134.46881886127284 9
1759693413449 133.62514115235197 10
1759693521630 134.40625318176544 11
1759693629544 133.44958772359942 12
1759693737709 133.62094220559158 13
1759693845926 133.89099864360998 14
1759693954964 133.87428384618374 15
1759694063322 133.40841629473084 16
1759694172006 133.65183097257741 17
1759694281250 134.3475438789402 18
1759694390409 134.074361707063 19
